start=66.084807
volume=31.000000
