start=480.224310
contrast=-1.000000
