start=61.534000
sub-scale=0.900000
