start=351.574333
volume=30.000000
