start=135.300000
volume=26.000000
gamma=34.000000
saturation=-13.000000
