start=8.167000
sub-scale=0.900000
