start=0.000000
sub-scale=0.450000
